1123 14 48 1
1171 9 14 1
1189 17  7 1
1209 22 18 1
1207 22 15 1
1179 9  5 1
1208 21 18 1
1187 15  7 1
1203 22 10 1
1177 9  6 1
1211 22 19 1
1175 9  9 1
1205 22 11 1
1183 10  6 1
1201 23 10 1
1167 9 18 1
1173 9 10 1
1165 8 18 1
1169 9 19 1
2142E 20 21 2
2116D 20 52 2
2142G 20 16 2
2116F 17 55 2
2142F 20 19 2
2142A 20 29 2
2142H 20 15 2
2116E 19 53 2
2142K 20 10 2
2142D 20 24 2
2142J 20 12 2
2116G 17 56 2
2142C 20 25 2
2142L 20 8 2
2142B 20 27 2
3177 9 9 3
3154N 20 24 3
3154G 20 10 3
3183 9 5 3
3154L 20 19 3
3154J 20 15 3
3154H 20 11 3
3179 9 8 3
3181 9 6 3
3154B 20 13 3
3154F 20 8 3
3154P 25 20 3
3154M 20 20 3
3154K 20 16 3